[Sprite]
Texture=tapnote 2x2.png
Frame0000=3
Delay0000=0.00500
Frame0001=0
Delay0001=0.00500
Frame0002=1
Delay0002=0.00500
Frame0003=2
Delay0003=0.00500