[Sprite]
Texture=tapnote 2x2.png
Frame0000=1
Delay0000=0.00500
Frame0001=2
Delay0001=0.00500
Frame0002=3
Delay0002=0.00500
Frame0003=0
Delay0003=0.00500